0.0 0.02 10000000
0.1 0.02 10000000
0.2 0.0 10000000
0.3 0.07 1882968
0.4 0.0 10000000
0.5 0.0 10000000
0.6 0.08 1757211
0.7 0.01 10000000
0.8 0.03 10000000
0.9 0.0 10000000
1.0 0.0 10000000
1.1 0.02 10000000
1.2 0.0 10000000
1.3 0.02 10000000
1.4 0.01 10000000
1.5 0.0 10000000
1.6 0.0 10000000
1.7 0.0 10000000
1.8 0.0 10000000
1.9 0.0 10000000
2.0 0.0 10000000
2.1 0.0 10000000
2.2 0.08 1621370
2.3 0.02 10000000
2.4 0.0 10000000
2.5 0.0 10000000
2.6 0.0 10000000
2.7 0.0 10000000
2.8 0.01 10000000
2.9 0.02 10000000
3.0 0.02 10000000
3.1 0.52 258666
3.2 0.89 149969
3.3 1.2 111538
3.4 1.47 90873
3.5 1.67 79769
3.6 1.87 71223
3.7 2.09 63840
3.8 2.1 63363
3.9 2.24 59521
4.0 2.3 58057
4.1 2.46 54243
4.2 2.41 55290
4.3 2.57 51957
4.4 2.56 52035
4.5 2.54 52428
4.6 2.69 49533
4.7 2.74 48668
4.8 2.64 50452
4.9 2.69 49578
5.0 2.7 49379
5.1 2.72 48999
5.2 2.7 49355
5.3 2.81 47408
5.4 2.75 48440
5.5 2.79 47800
5.6 2.81 47519
5.7 2.76 48226
5.8 2.79 47728
5.9 2.78 47878
6.0 2.78 48013
6.1 3.04 43827
6.2 3.27 40721
6.3 3.56 37430
6.4 3.7 36054
6.5 3.87 34417
6.6 4.01 33216
6.7 4.24 31420
6.8 4.27 31191
6.9 4.43 30121
7.0 4.49 29699
7.1 4.6 29012
7.2 4.61 28895
7.3 4.65 28673
7.4 4.8 27749
7.5 4.82 27653
7.6 4.83 27627
7.7 4.98 26753
7.8 4.88 27307
7.9 4.96 26898
8.0 5.05 26425
8.1 5.07 26307
8.2 5.07 26306
8.3 5.06 26336
8.4 5.11 26109
8.5 5.1 26123
8.6 5.17 25783
8.7 5.16 25844
8.8 5.15 25909
8.9 5.19 25666
9.0 5.14 25929
9.1 5.13 25972
9.2 5.17 25803
9.3 5.27 25277
9.4 5.18 25735
9.5 5.17 25812
9.6 5.17 25785
9.7 5.18 25728
9.8 5.23 25480
9.9 5.26 25340
10.0 5.33 25012
10.1 5.22 25547
10.2 5.26 25345
10.3 5.18 25717
10.4 5.16 25833
10.5 5.27 25323
10.6 5.25 25407
10.7 5.25 25392
10.8 5.23 25488
10.9 5.27 25294
11.0 5.24 25447
11.1 5.26 25326
11.2 5.18 25744
11.3 5.24 25434
11.4 5.19 25692
11.5 5.22 25556
11.6 5.26 25368
11.7 5.29 25208
11.8 5.26 25354
11.9 5.29 25223
12.0 5.23 25505
12.1 5.28 25245
12.2 5.21 25600
12.3 5.24 25443
12.4 5.27 25310
12.5 5.2 25651
12.6 5.21 25568
12.7 5.24 25466
12.8 5.27 25309
12.9 5.25 25394
13.0 5.27 25322
13.1 5.19 25711
13.2 5.27 25296
13.3 5.23 25483
13.4 5.24 25461
13.5 5.28 25268
13.6 5.25 25419
13.7 5.18 25717
13.8 5.18 25752
13.9 5.23 25496
14.0 5.23 25486
14.1 5.29 25208
14.2 5.21 25598
14.3 5.18 25763
14.4 5.27 25281
14.5 5.27 25290
14.6 5.22 25531
14.7 5.26 25366
14.8 5.22 25558
14.9 5.2 25634
15.0 5.25 25419
15.1 5.23 25490
15.2 5.27 25312
15.3 5.3 25163
15.4 5.28 25246
15.5 5.19 25684
15.6 5.19 25701
15.7 5.34 24990
15.8 5.24 25444
15.9 5.27 25304
16.0 5.22 25526
16.1 5.28 25264
16.2 5.26 25348
16.3 5.27 25278
16.4 5.21 25609
16.5 5.28 25246
16.6 5.21 25571
16.7 5.18 25716
16.8 5.24 25437
16.9 5.27 25301
17.0 5.27 25321
17.1 5.25 25413
17.2 5.2 25654
17.3 5.27 25281
17.4 5.29 25211
17.5 5.27 25306
17.6 5.27 25281
17.7 5.22 25543
17.8 5.2 25637
17.9 5.32 25067
18.0 5.23 25478
18.1 5.24 25449
18.2 5.23 25505
18.3 5.25 25411
18.4 5.3 25175
18.5 5.21 25575
18.6 5.27 25310
18.7 5.23 25486
18.8 5.27 25312
18.9 5.26 25332
19.0 5.25 25383
19.1 5.21 25581
19.2 5.27 25284
19.3 5.28 25236
19.4 5.16 25815
19.5 5.21 25599
19.6 5.25 25377
19.7 5.28 25232
19.8 5.23 25489
19.9 5.15 25873
20.0 5.23 25483
20.1 5.27 25308
20.2 5.24 25447
20.3 5.26 25336
20.4 5.22 25561
20.5 5.23 25476
20.6 5.25 25387
20.7 5.18 25737
20.8 5.24 25465
20.9 5.2 25626
21.0 5.25 25384
21.1 5.3 25153
21.2 5.27 25305
21.3 5.27 25292
21.4 5.24 25435
21.5 5.26 25337
21.6 5.26 25362
21.7 5.3 25173
21.8 5.2 25661
21.9 5.24 25454
22.0 4.49 29696
22.1 3.89 34294
22.2 3.34 39903
22.3 2.95 45220
22.4 2.49 53555
22.5 2.13 62470
22.6 1.84 72284
22.7 1.59 83631
22.8 1.38 96948
22.9 1.26 106150
23.0 1.04 127821
23.1 0.98 136295
23.2 0.82 162209
23.3 0.66 202779
23.4 0.55 243235
23.5 0.56 237878
23.6 0.41 323598
23.7 0.38 354297
23.8 0.32 416374
23.9 0.36 373154
24.0 0.19 707604
24.1 0.21 644732
24.2 0.17 764652
24.3 0.25 542162
24.4 0.14 984366
24.5 0.11 1185158
24.6 0.12 1101385
24.7 0.15 904058
24.8 0.1 1363158
24.9 0.04 10000000
25.0 0.08 1651156
25.1 0.08 1654713
25.2 0.03 10000000
25.3 0.03 10000000
25.4 0.14 974400
25.5 0.01 10000000
25.6 0.0 10000000
25.7 0.03 10000000
25.8 0.0 10000000
25.9 0.0 10000000
26.0 0.03 10000000
26.1 0.0 10000000
26.2 0.01 10000000
26.3 0.0 10000000
26.4 0.0 10000000
26.5 0.0 10000000
26.6 0.03 10000000
26.7 0.0 10000000
26.8 0.01 10000000
26.9 0.0 10000000
27.0 0.0 10000000
27.1 0.0 10000000
27.2 0.01 10000000
27.3 0.0 10000000
27.4 0.04 10000000
27.5 0.0 10000000
27.6 0.04 10000000
27.7 0.03 10000000
27.8 0.0 10000000
27.9 0.07 1932264
28.0 0.01 10000000
28.1 0.0 10000000
28.2 0.06 2376372
28.3 0.0 10000000
28.4 0.02 10000000
28.5 0.06 2184892
28.6 0.08 1765196
28.7 0.05 10000000
28.8 0.0 10000000
28.9 0.0 10000000
29.0 0.0 10000000
29.1 0.0 10000000
29.2 0.0 10000000
29.3 0.0 10000000
29.4 0.03 10000000
29.5 0.01 10000000
29.6 0.01 10000000
29.7 0.0 10000000
29.8 0.0 10000000
29.9 0.05 2460322
